1.15273578388546	0.21257737635896	1
0.94964258992563	1.8001246679056	1
0.506268134785943	-0.0112497775875888	1
0.610730927814847	0.470970411270559	1
0.862559348787322	1.1486276447477	1
1.66209698227057	0.365684394029286	1
-0.115745809494604	1.92412193259498	1
1.59167031312994	0.666033402629308	1
1.12210901623784	1.84910490800389	1
0.484298833869621	1.35922179808722	1
0.570435262952333	0.766154163931393	1
0.535927479671258	1.45390643172483	1
1.23393182866655	1.0404115558217	1
-0.802659223067349	0.866246634546946	1
0.195308227674012	-0.187620736441331	1
1.15372499789863	-0.473659029283657	1
1.09905644294908	0.724274956167921	1
0.4814725156014	0.751641903860981	1
0.891882704097461	0.763697530722009	1
0.925284655634086	-0.0888097893967152	1
1.26698083954738	0.57337326480739	1
0.999891361574983	0.51349489451765	1
0.631475412126529	0.709457465949987	1
0.374463421604801	0.235788476982297	1
0.236458274779874	2.1462989567808	1
1.24235322354423	0.333800471101213	1
1.18540048818619	0.815117546506841	1
0.205835368993754	-0.16965635714065	1
1.20617009212636	0.485826537608206	1
1.13224982270702	1.34054634979285	1
1.6014329311445	1.99016870282553	1
-0.412564556768198	1.96646806867303	1
0.681182363675673	1.64761827959398	1
1.33380193153544	2.1251143628991	1
1.74271881053947	1.74183413213457	1
1.46478637907494	0.939442683097405	1
0.858700760505539	2.68199250057107	1
0.62856544874415	1.59236713606392	1
0.798534752324444	1.23226014255292	1
1.95473508588377	1.71148849572201	1
1.12344586268295	3.33076503074603	1
1.2848047010717	1.78341344490108	1
1.23018513738646	0.388461612251349	1
1.20155955220768	-0.155009646737939	1
0.940232835614571	-0.289009766300016	1
1.34505505733819	1.12265276350426	1
0.888441469815569	-0.744533570275477	1
0.278896467484737	0.414647280837905	1
1.1345857872055	1.96513541678531	1
0.969694352865065	0.411647669684608	1
1.61431717737327	2.27613306230595	1
0.964606892904836	1.73572178078532	1
0.845942404468101	-0.258966134896808	1
1.94917848166363	0.755821604503314	1
1.00641570444928	1.46397461260891	1
0.649392086957547	1.38267534027376	1
0.891897554419674	1.17861197299092	1
1.78320338876946	0.912206773468311	1
0.304604436844502	1.49788089689692	1
1.6736543971619	2.43223365403931	1
1.92231549666514	0.730618660491931	1
0.26365121484938	1.60241825529422	1
0.929567242548111	1.22017242031295	1
-0.300567976127808	1.6473766998607	1
0.452299065559125	-1.13578139529919	1
1.14376897717928	0.381152973361921	1
1.8694251917924	0.869489491274765	1
1.44951839905884	1.09964305743715	1
1.68108647272693	0.677914765806214	1
1.46105980083593	-0.278110666241197	1
1.34830297406977	0.671075629066109	1
1.15314971783743	1.19984610022602	1
1.25455825171213	1.92360604261621	1
1.31428069899045	0.921275012321399	1
0.785637185356404	-0.315035697858343	1
0.347497104643629	1.30353203356169	1
0.66962716048591	2.66949729236113	1
0.556183351254885	1.31874620647405	1
1.29205969653884	1.11336769112604	1
1.34710370732163	2.02670023634836	1
0.943673397603429	0.489035732453922	1
1.24933669275498	0.710829704248796	1
0.753084676134577	1.07642031497203	1
0.141252676299188	0.949339553287678	1
1.42779818397039	2.10639564098084	1
1.62402414062259	1.83115826446729	1
1.18686871154805	1.04263685698642	1
0.88101567255999	1.09274010249891	1
1.98715178595941	1.87327154104575	1
1.83937222862361	0.169436153165957	1
1.28833298548511	0.360506978812219	1
0.612952158000388	1.26533850084362	1
0.518211411181762	1.01125747694075	1
1.39661130267157	-1.15171118816806	1
0.166151005818215	0.867102199809384	1
1.68514825439068	0.584068128698417	1
1.06399021644791	0.754771128504615	1
1.86027621703725	0.0383136785709635	1
0.831901921666795	0.836224515095568	1
1.61074231632055	1.59425600209037	1
0.800897651415284	-0.028670376038973	1
1.19837679159158	0.268153758326714	1
1.79762701056046	-0.290040868659326	1
0.290908364553274	0.969128754469186	1
0.589039696897695	0.459792399506209	1
1.5094012474072	0.609148671588815	1
0.687528267761284	0.148741774310458	1
0.513527692808704	1.54948197098197	1
0.94559365483116	1.92699317853382	1
0.533325976397152	1.35622820987855	1
1.63565660848274	1.33431187006952	1
0.764043855875862	1.28968619062575	1
0.846607239280878	1.69420136462182	1
0.912073792208978	0.925227278120343	1
0.879896632582671	0.525351208329327	1
1.26769889959745	0.879528664964687	1
1.81570820894252	1.61682882916921	1
0.939591162436833	2.46224560816321	1
0.616232547500556	1.29537080554575	1
1.39070515308644	0.470291808527469	1
0.184699308637125	-0.315076367952515	1
1.02386269297491	0.0635865835576069	1
0.673763323930456	-0.201592874886233	1
1.05889324719987	1.66780156135932	1
0.58890010896017	0.738931047948522	1
0.623081133736952	0.944738229216627	1
1.44985728499651	1.67023345155028	1
1.03376580699826	0.860759401390624	1
0.451141175120225	0.812220845983542	1
2.05999797531524	-0.286556635428574	1
1.3286976962344	2.19974919135649	1
1.07917585994208	1.86875921782443	1
2.57541270569501	1.55052529811226	1
1.08436141498605	1.01591319844901	1
0.807720575180992	1.17066696027883	1
0.981740822251095	-0.558663675279141	1
1.16807498475822	0.855860585640406	1
0.877213719353517	0.336318491444371	1
0.656837123539596	0.517036433207043	1
1.96662410000034	0.529030758002474	1
0.765119672916317	1.98185025538059	1
1.36425445231822	0.10881948720051	1
1.368955474552	-0.468343803812417	1
0.966211806132058	2.26118258202606	1
0.389140163923078	1.102384362767	1
0.732997107373459	0.784604715541476	1
0.18238726033065	-0.422153156918587	1
1.23004111208067	-0.421729773143255	1
0.689951856767005	0.353141430875348	1
0.877105285082842	0.57370069511857	1
0.707920724255824	1.56884012856074	1
0.642320878814432	1.991165754675	1
0.00352650312557046	0.266735953115617	1
0.703859578167859	2.12686923622759	1
1.00366843587678	1.06463932092761	1
1.42291055179853	-0.265571954258707	1
0.918068709046335	0.616523545658727	1
0.677838635117428	2.88960891104262	1
0.753773788232949	0.264665201188754	1
1.41804055695753	0.812363840341614	1
1.0220265996941	-0.490213621600202	1
1.55213366784787	1.18600684194808	1
0.33142761766819	1.5268942688687	1
0.258419930004294	0.651314603457965	1
0.532872474308711	1.11231093945315	1
1.1067969160795	-0.0862738816719824	1
0.84963129874547	0.924203564086759	1
0.306767606167871	2.40702609121339	1
1.04723668754705	2.28586794953061	1
1.20516590204108	-0.583628168921166	1
0.70708314689913	-0.0330669208883589	1
1.53827291013415	0.222480969557574	1
-0.00822984325754006	1.69737176843978	1
1.64199770220872	0.254079278473743	1
0.742955731445666	-0.130097503802909	1
0.276395357037131	0.604699880657067	1
1.256868660166	0.569375176151526	1
0.980571251343329	1.72396407800168	1
1.83919272978002	-0.0240679305724716	1
0.552527332879548	1.51005652990031	1
0.996605089911655	-0.978864609215645	1
0.818536395879315	1.25441392366363	1
0.768517147334897	-0.9294489989771	1
1.02430727313239	2.17403351050379	1
1.49718523851638	0.0198126392794394	1
1.36064821440667	1.11565784541853	1
1.27692281677156	1.57066906906399	1
1.3308673666024	1.67283310977511	1
0.529497435969829	-0.0945139917053626	1
1.54894079172058	1.02670765728235	1
0.601044469296191	2.42949987104468	1
0.541302781752324	0.942740318164391	1
0.542315991963865	1.95414856721451	1
0.903697260410127	0.862976459461731	1
1.41737371233177	2.07539057255077	1
0.488759579377833	1.47064620306683	1
1.16525294833904	-0.200270753850964	1
0.12780473846798	-0.0585620920481993	1
1.4811662626545	2.14415509908376	1
1.06987480565312	1.02226270116411	1
1.42432217035108	1.01396588936911	1
1.99523804190944	1.91830802205185	1
1.11923461620935	0.67158136683119	1
1.26184365579708	1.84076368385382	1
0.239540956551794	1.26936112504058	1
0.904340850257161	2.22317504435801	1
0.802130269087827	0.663302740091138	1
0.615671455749375	1.67833476810082	1
0.961537340302357	0.939796457770012	1
1.07027470229475	0.643594201472018	1
0.746980217089311	0.385533382136253	1
0.528059388140348	0.61076960748232	1
0.74238898749446	0.557109192797668	1
0.84575595235736	0.972368484039117	1
1.17416189036589	0.705763321500845	1
0.477968038701929	1.04749276327224	1
0.665899357838583	-0.0865449975637267	1
1.24406980623511	0.990223200253242	1
1.39276748900997	0.756571187971916	1
1.75178477451947	1.22763828618365	1
1.05773794250721	-0.016377314427088	1
0.888588624173306	0.619603973263414	1
0.0905843097763653	1.07056160030309	1
1.26303860565074	2.40217508932353	1
0.142852769840449	1.26864087961282	1
0.536189078154242	0.197736450956469	1
0.477274279785008	1.26561103716281	1
0.640623737123149	0.198605217649864	1
1.49233282157011	0.6539980983025	1
0.775751051148346	0.873244525947233	1
1.52133584480733	1.26462252162053	1
0.329707712917829	0.299544962067256	1
1.25903487838341	0.0375961483284746	1
1.50506084284886	1.78475176838189	1
0.975137491265805	2.50370837476753	1
0.647670490179013	-0.29098715124199	1
1.1333069614861	0.826358629282567	1
0.438774371494321	0.781165251388391	1
0.771020847192314	1.64189526462984	1
1.20783673371204	-0.395033131953269	1
1.14420909789303	1.18294753858309	1
0.223990185765801	0.633304967791448	1
0.774398813899101	2.41381439569812	1
0.488961193014068	1.38611569457277	1
1.06202243257586	0.935782354474094	1
1.32641923312633	0.92658408669038	1
0.411309814301741	1.99980004358614	1
1.35894436489617	1.15019595475569	1
-0.00419049195140397	1.5388431259954	1
1.06902319540564	0.98907022309696	1
1.49400786682092	1.84738548632523	1
1.05065326211142	2.15281700257896	1
0.698638206662301	1.31336097417043	1
0.410449095515294	0.772702676859215	1
1.24312153684995	1.19964900245474	1
1.34275533495531	1.24433108026767	1
0.808469443891267	-0.186301422977162	1
1.16016077209909	0.376026909915934	1
1.62066024543593	1.27297953015267	1
-0.0019892426765562	0.688251864039931	1
1.17688650471265	0.835399737422933	1
1.57974692140787	0.0118377551910194	1
1.38665917073211	1.02548706334481	1
1.19960473674093	2.23162516437298	1
0.514664714103908	0.231819243112072	1
1.11897148994883	1.39817507688454	1
0.932805139083077	0.703688592946457	1
0.431104891618601	2.57885449202909	1
1.17992402467721	-0.407246048187297	1
1.50097804132048	3.77425834045326	1
1.12186807802839	0.121841623858864	1
1.46661089601852	0.755520814442053	1
1.80921143542196	1.81498738190751	1
1.16998569624983	-0.0711127614278453	1
1.45662442716852	1.44259291494202	1
0.893089783339124	2.05784535779694	1
1.26869554122867	1.45169568004713	1
1.59085030753715	0.898508050957702	1
0.443694797390242	0.30441707636033	1
0.770223059224685	1.9722756401121	1
0.443548727715314	1.45228853763036	1
2.25418527308121	1.69616985532131	1
-0.710453948635507	0.33796579603465	1
1.23984040497361	0.452229323295914	1
0.337113101782864	0.340844272453725	1
0.217974657667162	0.779615740763137	1
1.8980490526845	-0.0736090937018399	1
1.38732526152072	0.66933164444854	1
1.13846177396597	2.16451393472161	1
0.665892590684329	0.383489582977802	1
0.301551357121722	2.23769019866766	1
0.753888546801367	0.935888934376158	1
1.61483013327294	2.42665745950732	1
0.428225915786521	0.280699831228622	1
0.539898899136257	1.26849339464119	1
0.970353529333019	0.804799048013164	1
1.40238212998307	1.10616260451006	1
1.39520032606366	0.968258488577923	1
1.53536811605198	1.13622177153818	1
0.801484556633123	1.4125190105347	1
1.87762532862661	-0.175174219269607	1
1.22871631538393	0.121975134113979	1
1.00213063478924	0.455246324842988	1
1.79371690890475	0.138790514271724	1
0.791412014890638	-0.164374097570123	1
0.511159296864042	0.908432831503239	1
2.29560056583369	-0.659854215696834	1
1.26061837052792	1.62698259685289	1
0.698440187059334	1.11562398525936	1
0.735102061451616	0.976938562757828	1
1.53097668990848	1.17179270887797	1
0.77432807851886	1.60571115414502	1
0.692395009719398	0.991705987326756	1
1.05849127126632	0.446752822038008	1
1.07019641489215	2.1788778072499	1
0.752733607946411	0.284353672034458	1
1.08128673108432	2.1195897620386	1
0.600945638421292	1.15273883212847	1
1.1780638690328	1.1522772326508	1
0.918460964740724	0.44116340803307	1
0.628386208133821	0.219193156182268	1
0.949349435872163	0.845858112985058	1
1.28377137575748	1.94196339383427	1
1.15397636209944	0.186154786163679	1
0.648980322315949	0.948517955914686	1
1.49583680289564	1.29124177284433	1
0.917602435190343	-0.343660645586631	1
0.903641934193245	1.62138023094814	1
1.32783284052679	1.00683870664764	1
1.51922551480233	0.669364696267903	1
0.523129065898582	1.44836949597447	1
1.30147157085243	1.4947325556444	1
0.721766125278754	1.26013721678694	1
1.09856412429887	0.569466855724271	1
0.416274179056099	0.195764048998364	1
1.2455221453431	2.24007888871553	1
2.51348136345849	1.03752984705614	1
1.545677788741	1.71349799937475	1
1.32747549551899	0.707223299602905	1
1.73569458558995	1.21714665381737	1
0.976620087093916	-0.105474561117053	1
1.82180162551835	1.00706162171708	1
0.0420654976335457	1.13549146455019	1
1.00393994571408	1.72255601220701	1
1.47342159858955	1.22808963210437	1
1.62360617217519	2.65187374207472	1
0.936990405826646	-0.436948222988959	1
0.897921051553	-0.120854236495305	1
2.0715145077717	1.75724847407964	1
1.16830794134911	2.94256399615744	1
1.25229861506318	1.98067774142994	1
0.955642488641036	0.388553361265765	1
0.428266861786153	2.17295204040958	1
1.30192506839436	1.93677084852954	1
0.237433934107722	-0.180397230489396	1
1.4242842126376	3.17813653974749	1
1.17693649916869	0.634791151846117	1
1.62646851508772	-0.306519604914079	1
0.83004966232207	0.134161301539317	1
0.709689023504871	-0.355420965163006	1
1.50161054654416	1.49283142669529	1
1.11867467023887	-0.256680349350084	1
0.792278565770811	1.56100002945267	1
1.27832974209975	1.66669426645969	1
0.928388825117697	1.19627701968076	1
1.47502329178345	1.65980437560816	1
0.519587840507383	1.18836850057509	1
1.16003607398035	0.403567579418214	1
1.56729543181633	0.745014742554934	1
0.734505042212934	1.40609524401851	1
0.715664565446361	-0.216749183825402	1
1.31627046564396	1.96511134372555	1
1.25710265386194	0.314010381841631	1
1.01855381989735	2.0840335279672	1
1.62180099647263	1.85160784041522	1
0.305569051063366	1.15158016121276	1
0.316283186887344	1.98986081071442	1
1.0983533411222	1.76760340227538	1
-0.225854166546228	1.92277020738106	1
0.54500059534264	0.187169572366993	1
0.284728750408284	0.707411091468733	1
0.241294688314468	0.270215782082366	1
0.551045750192106	0.928992334249651	1
1.25414046000125	1.7715541122688	1
0.704094969823891	1.23426480257283	1
0.888429814734981	1.86682477010194	1
0.853218496068636	0.883266742027534	1
1.16194222897221	0.324827584099396	1
0.887598949714155	1.38441270123288	1
1.19608326518853	0.173675275412025	1
1.42158161843846	1.13886627447106	1
1.48852608068914	0.205952442891781	1
1.05466101753272	2.3288537450024	1
0.553947132819449	2.57837411355345	1
0.759490894806114	0.16418195217842	1
0.865158380525638	0.725562908534306	1
1.10708029772628	-0.311690388206348	1
1.87069145325502	2.16489979765885	1
0.969618908807015	0.439172501492142	1
1.02095985272485	0.755749020066072	1
0.871834967550099	0.783575347480216	1
0.321328563778363	0.925545014484535	1
0.547720463603196	0.0663348755874101	1
0.838556870050553	0.692462083387595	1
0.786394608412176	0.769707901868353	1
0.42492715105517	2.7449123718136	1
1.10511109334242	0.362243378217285	1
1.17960367522342	-0.173092398612374	1
0.73013533138462	1.49608882249293	1
1.38340783924411	0.0291311967484638	1
1.73181701227123	2.07210527322189	1
1.46893651626362	1.0694691852915	1
1.99639478072402	0.930688991657256	1
1.84463165502424	0.924112613927926	1
1.58133342426003	0.97794708726642	1
0.775460902837926	1.64670932894364	1
0.876834391074975	-0.0810441106786295	1
1.49606694443288	1.48676809188498	1
1.02769205247979	0.367965422545627	1
0.209058550425646	0.307973586306804	1
1.05302942084877	0.58188305547858	1
0.790889782181003	0.84012870795805	1
0.906283744265202	1.74064171280474	1
0.406434258083711	1.23847521950428	1
0.170407285531031	2.21898160843297	1
0.816444210270217	1.4418433769058	1
1.39538165353368	0.486008564385953	1
1.88110791658582	1.26132348988836	1
1.22272315482987	0.413179767781294	1
0.966623469818824	1.23723754655581	1
1.25155452535912	0.571353707742376	1
0.866521657564928	2.0374428829957	1
1.56523743666909	1.38743435227743	1
1.32261605631686	0.341371624469599	1
0.118920859342392	1.04888862925321	1
0.413009527746384	1.58485893215135	1
1.5104572733682	1.77276387529576	1
0.861232865137762	0.608064238788054	1
1.47098659417915	0.0847145417984967	1
0.579944665249717	1.97036194906407	1
1.43411965207425	1.62532706184605	1
0.872804720466879	-0.370739253768121	1
1.16398472178182	0.632883732258493	1
1.31402632590769	0.579553167054653	1
1.13088656910311	-0.499502799051652	1
0.54976913667242	0.614291931555717	1
1.04798913222114	1.04701851840656	1
0.740045685669019	2.29704473564781	1
1.03822820003474	0.637018250609876	1
-0.74338179318549	1.15063337255293	1
0.820125206998538	0.587211058963277	1
0.870181032491549	1.14529156806058	1
0.766456407881779	1.11860850702646	1
1.17766443963384	-0.679852629827624	1
0.725384781442923	0.395803883827534	1
1.64716975974069	1.1936492767845	1
0.797165176868915	1.52903291228394	1
1.2361023595214	1.5955074587853	1
1.37663331732663	0.383429211749744	1
0.514157482486713	2.40195082025437	1
0.289593466305051	0.108742880391006	1
0.800005634720055	1.47552561507344	1
0.981307122819778	1.9680461793143	1
0.56585366996678	-0.0874618838014947	1
1.05173665584909	-0.239670974546157	1
2.1308288004231	1.03473817604654	1
1.58007673726025	1.91463799747517	1
0.721147736756677	1.22191496085559	1
0.434385206108127	2.30606676011047	1
1.425596821983	-0.536867567149436	1
1.71690865923454	1.74619955829964	1
0.996687366863778	0.948419999284287	1
0.616096260296861	1.89631552013086	1
0.288588774365101	0.623652355949765	1
0.999641825389546	-0.707870080517336	1
0.975772641739718	1.3007860032344	1
0.715757365956153	1.18163187980749	1
0.649465881725845	1.60722480697682	1
1.40313792752957	0.661666656633481	1
0.430775406465006	0.307033147274252	1
1.92361783104624	1.73509802998443	1
0.90457761581173	1.927924313677	1
0.0359108446671724	0.284418654863892	1
0.752060190827249	0.333362372273614	1
1.55757241922598	2.634830930418	1
0.551914270802119	1.44739814575118	1
1.80402058834943	1.65725895445731	1
0.501812307830681	0.795177393334747	1
1.40450712737624	2.40061660999058	1
1.46853227519165	1.14344011705947	1
1.30943676621046	0.977702670546646	1
1.08649041469557	1.61153846487519	1
0.976877641231015	0.224809938186128	1
1.47009817188671	-0.372485298790092	1
1.1414058550446	1.85109373333138	1
1.30447282350995	0.252935605327651	1
0.634530445546232	0.808216292421395	1
1.4896537813545	-0.474988785411294	1
0.983517409890666	0.986031466179977	1
1.38951061116934	1.37367806182902	1
-1.39749318422114	0.985549603584835	0
-0.911447115125852	1.43428326206072	0
-0.279593131863745	-0.331516651249231	0
0.0623640873285474	0.033500582932919	0
-1.22552576432444	-0.196157830267638	0
0.350150392094052	0.492471201074218	0
-2.08131224129796	-0.571824312813781	0
-1.17587089914121	0.455253475842037	0
-1.05960813592082	-0.480898498419671	0
-0.406038875663884	-0.177239351760164	0
-0.717075884254233	0.0299079102653143	0
0.136912999483108	0.225540284338881	0
-0.409546614016324	0.0631814213546873	0
-1.9334556046073	-0.803385456119395	0
-1.04379966298024	-0.641916413944376	0
-0.737256753821335	0.281814660329348	0
-0.171380389608303	0.57014699913633	0
-0.379608901896138	-0.310783999000651	0
-1.57619908597744	-0.0417200927601575	0
-1.32197537063588	0.147270599506783	0
-1.17878293660732	0.483671647282531	0
-1.22223106225823	-0.314332502860819	0
-1.4443415308193	0.0222090241066165	0
0.0828057490296348	0.292742664098642	0
-0.215821365682687	-0.80074534854777	0
-0.982842797773595	0.0900666719202211	0
-1.49707408664257	0.567293997466077	0
-2.25112954841801	-0.617722889473354	0
-0.945851698852427	0.588856140350531	0
-1.65846646342996	-0.0706542849225753	0
-1.01954791671794	0.214837074676336	0
-0.990751207577067	0.601679242828798	0
-0.871565343974621	-0.354351871839786	0
0.967761859629561	-0.679751801393788	0
-1.58940528392106	-0.616317311044864	0
0.75832660630791	-0.092852297692803	0
1.16159691490401	0.10034100518588	0
-1.86767434518462	0.335416990417245	0
-0.935446220370281	-0.430619942322295	0
-0.96769084014006	0.168474109454183	0
-1.33409525761342	0.177744935452753	0
-1.42743028505492	0.660740240060747	0
-1.36024501625721	-0.276147309875671	0
-1.62126605568091	0.505935910625282	0
-0.738606384607395	-0.467174740962911	0
-0.563907389679999	-0.137074733386573	0
-1.18839105619963	-0.38679473009889	0
-0.975057460208833	1.2105635626773	0
-1.81052365284981	-0.0752260780951495	0
-0.994782857074826	-0.485824719770811	0
-0.315687884402258	0.392973877959139	0
-2.03620252692477	-0.266812065070683	0
-0.793963668353933	-0.160890652490274	0
0.774560511223425	-0.665392144160722	0
-1.12041562342481	0.0173956503236053	0
-3.04849573962648	0.042375036644456	0
-1.05396554273338	0.0298382226342729	0
0.211036341332572	0.310722099461093	0
-0.647330553341865	-0.876891533987667	0
-1.5123249694229	-0.562267090451313	0
-1.137691334723	-0.328189909620457	0
-0.593911430180213	-0.0652204240628438	0
-0.499714807308026	0.970307588226678	0
-0.949863855127405	-0.424102100810738	0
0.224109250175034	0.545377833720991	0
-1.1121682899594	-0.591453632399506	0
-1.40692123497578	-0.0369937304704969	0
-0.716767549804229	-0.0843139080425041	0
-2.03567455880553	0.387941767126996	0
-2.12427785918547	-0.266550777118865	0
-1.16224779910542	0.861926190722275	0
-0.6432091790682	0.21487813986094	0
-2.30864075778359	-0.456312023153919	0
-0.665351735187041	-0.122596626474153	0
-0.380843569566092	0.616630020484767	0
-1.3064767761115	-0.058875487961859	0
-2.3293628314213	0.890939410631868	0
-0.689513880191774	-0.143470427368946	0
-1.42573277131319	-0.379073060620355	0
-0.800598740495026	1.35022952283774	0
-1.49707713868531	1.39012774937504	0
-1.5090366394352	0.55453065966415	0
-0.385225369847746	0.663296942744759	0
-1.42418218506111	0.0952035090354734	0
-0.808643063346449	-0.133431258607252	0
-0.940807132852305	-0.847851167369185	0
0.122856581790163	-0.0945975122290785	0
-1.81668270508442	0.343064783906849	0
-1.13985376313057	0.486177110427628	0
0.110858306710959	-0.542824703357505	0
-0.352147105012369	0.260517612027789	0
-1.53543883862493	-0.599779350383844	0
-2.00556882691948	0.388478490597612	0
-1.29152703076659	0.450874325146827	0
-1.5085982519969	-0.266962335692088	0
-0.889630288513089	0.300494081436528	0
-0.239721400432427	0.00519159211607685	0
-1.99593644854164	-1.19859217591587	0
-0.821911413825429	-0.844382140799278	0
-0.531720344451361	-0.293884915027372	0
0.470200146240839	0.562881864928679	0
-0.599535221742001	-0.687225462722081	0
0.0751564945492675	-0.464584089918762	0
0.0565744753232256	-0.590798667610334	0
-1.22685888832993	-0.176732581320622	0
-1.35706853749228	-0.129789714348081	0
-1.29904259600944	0.632546807155242	0
-0.214286071904815	0.964583186730311	0
-1.01399438946082	-1.02343704946145	0
0.0250671627039254	-0.220769637256122	0
-1.41392088057531	-0.452310398570085	0
1.09242020805804	-0.317426278560572	0
-0.533447827854815	0.586571356856096	0
-0.815638835277833	-0.118450429355601	0
-1.32491405035827	-0.274435764822583	0
-0.661912287045129	-0.569807662606845	0
-1.69393506052467	0.905357285842849	0
-0.331705859080453	0.573162886000329	0
-0.577934361667102	-0.0981712242841455	0
-1.91445126004964	-0.740184496852681	0
-2.35538863937829	0.299927512272208	0
-0.858685411731886	-0.206445081711131	0
-1.13256364500668	0.27274301873881	0
0.0906160870706632	0.0940943272813937	0
-1.45039484810179	-0.0376116366435751	0
-0.430463820439493	-0.667304167037488	0
-1.64898694474877	0.043826607884557	0
-0.991652672531362	0.173636298105243	0
-0.744329548290704	-0.279174360519871	0
-1.91016801080934	-0.0942451478223065	0
-0.520201195233263	0.648162917802463	0
-1.1717480059291	0.524028389651994	0
0.117691927601347	-0.0977075661425433	0
0.476412575120353	-1.13900590520868	0
-0.632105060153421	0.286250363514944	0
-1.3051344856675	0.0711065874043525	0
-1.27291037629561	-0.222702058303346	0
-1.0865715066876	0.32651848193858	0
-1.70970205985984	0.629877800367217	0
-1.07896577317168	-0.583871855607992	0
-0.424953776800462	-0.0250564447577142	0
0.329499368519252	0.697852448559959	0
0.519896897286338	-0.279820093017389	0
-0.911366253277085	-1.0438846117868	0
-0.670410613394435	0.24949683641101	0
0.191872509535987	-0.335461237636613	0
-0.99925203526341	-1.27877201469585	0
-1.62556422541239	0.564288397999028	0
-0.867680294697666	-0.528803639331474	0
-1.56125979020151	1.05028208936631	0
-1.43276502459305	-0.142869987379291	0
-1.46294966496509	-0.441462440888937	0
-2.48343458637661	0.330966910164533	0
-0.515366654214948	0.348383072637345	0
-0.859617291458323	0.246278379883382	0
-1.37177040149844	0.534210678052021	0
-1.01735745111111	0.156505551122623	0
0.0616634551400483	-0.3843594226967	0
-1.33944609558415	0.0322126384840761	0
0.113956547686258	0.773422269619429	0
-0.50041667978994	-0.634542882466962	0
-1.48567408898363	-0.371733954622734	0
-1.40684144066476	-0.541271847212128	0
1.01366217590918	0.168163119587681	0
-1.56525805160876	-0.219339124522855	0
-0.994057811562879	-0.371375828363102	0
-1.28107153503362	-0.726784629227305	0
-2.02694268226798	-0.580417158427618	0
-1.27889257929818	0.00630520324847695	0
-1.53154814667579	-0.403743289562353	0
-0.936878324818582	-0.466008151901255	0
-0.92930534525892	0.0752922418120343	0
-0.797207820292179	-0.384282995250462	0
-1.81596857401805	0.267514528619325	0
0.270297473833591	0.0453282877446888	0
1.4778487466122	0.237988348181332	0
-1.76373578996187	-0.299328677893239	0
-1.44306344105048	0.668622793916665	0
-1.8915988072792	0.180622866122093	0
-0.603202819136837	-0.275078180913018	0
-0.185659128875696	-0.154814662476338	0
-0.314449157255117	-0.492180952477543	0
-1.22938410033926	0.0210180229066243	0
-0.620682483353608	-0.379999917015335	0
-0.947742517462424	0.390705171483198	0
-2.61378966041632	0.0666074814417724	0
-0.457711006199624	-0.109571038145409	0
-1.40532975922183	0.4840319633608	0
-1.52376161062834	0.154060571557175	0
-1.91715326715963	-0.271611519188021	0
-1.64624797506569	0.20568827315171	0
-2.59783294973035	-0.337262973448863	0
-1.29243547245548	-0.829836177483822	0
-1.28591806869764	0.541351488250738	0
0.604056806836889	-0.599520428107509	0
-1.13721684688907	-0.184356204317554	0
-1.31703626469931	0.473720146472614	0
-0.946423170652819	0.0322852987658482	0
-1.83436632586897	-0.337031107993798	0
-1.50304146427099	0.59916377780685	0
-0.392527214669102	0.39159848227919	0
-1.33050256530868	-0.303629478161399	0
-2.16479815327035	0.264349257697376	0
-1.50459975643036	0.337435897872548	0
-0.950905190162815	-0.289752637088557	0
-0.837869341839662	0.562947973916589	0
-0.957819454593444	0.846961891121246	0
-0.777829474948845	0.434899030750202	0
-1.27569246834901	-0.109065464350906	0
-1.40373572098178	0.391016056826292	0
-1.11756366147447	0.0723756851946268	0
0.159812758058133	-0.666324214835	0
-3.75373805359287	0.136342240602767	0
-1.28866614282154	0.0154113601256191	0
-0.0207110583619664	0.647489709045255	0
-1.77471044153959	0.10462851171268	0
1.07533320850359	0.213237312932928	0
-1.23824878435691	0.429783382753027	0
-0.99055788715403	-0.202279528386627	0
-2.27665845862815	-0.455227851996691	0
0.0861376476032829	-0.337266307033198	0
-0.423511628374056	-0.369416152123556	0
-1.52440052591657	0.756492600728346	0
-0.951994651412354	0.944268393430337	0
-1.72521525168875	-0.480193668504795	0
-1.50891683423285	0.258491012144598	0
-1.21376049702238	-0.198527234984623	0
-1.91239057625301	-0.638022437334577	0
-1.20216905857279	-0.439755100618252	0
0.636573536046358	0.65661180216449	0
-1.34020898582428	-0.156201597712555	0
-1.51878819024828	0.527968476540175	0
-1.77879252556086	0.266148066465376	0
-0.569609932932805	-0.740700072336763	0
-0.583682047686648	-0.404739350043815	0
-1.42754379108698	-0.0906313379082068	0
-2.21809511615737	0.155088650023895	0
-1.05013860740822	-0.495668446249357	0
-0.932856822061464	-0.306795571298372	0
-1.26261751648756	-0.0619816058096187	0
-1.00205734934782	-0.0358183252313542	0
-0.865720261067755	-0.0872669562500311	0
-1.43764133271121	-0.354051511519117	0
0.488928434480355	-0.00871149651427618	0
-0.359130061891404	-0.328027819467016	0
-1.38624571330246	-0.360767769119243	0
-1.71990215411562	0.0766234491083213	0
1.22841056492106	-0.129478659809081	0
-0.753412975204029	-0.580094426674869	0
-0.315949114145464	0.255147011947452	0
-1.68016963483709	-0.793387231456783	0
-0.512130518447544	0.161641136719224	0
-1.31936073336425	0.17983000384599	0
-0.806013244523706	0.0949782859508813	0
-0.583309625373024	-0.823112721873236	0
0.535837945241265	-0.434081705487123	0
-1.98870019180297	-0.0949028508716752	0
-2.64310110729009	-0.0134258101255887	0
-1.55212596968762	-0.239190173792675	0
0.0745873958529104	0.307728883610949	0
-0.948163626814259	0.774529396351254	0
-1.2930221040489	0.791741788992659	0
-2.49582167755956	1.25367685545452	0
0.255263744491205	0.494730861205604	0
-1.87893412788772	-0.324458823842342	0
-1.55338307695828	0.538178715767168	0
-0.548805884923596	0.513963907460375	0
-2.77178351773076	-0.502682235358601	0
-2.10996035199904	-0.64095631356305	0
-0.901054250177411	0.252748444364689	0
-2.60758381141409	-0.563945645298168	0
-0.865593976823225	0.178270671993677	0
-0.352319702818708	-0.473689843903947	0
-0.951430609891137	0.0610551843993262	0
-2.55219318454085	-0.0597760585924911	0
-0.0310514515610355	-0.605696375013528	0
0.831758873167438	-0.60728597914708	0
-1.62963063937761	0.239251096360587	0
-0.162474865150271	-0.351552833394105	0
-0.698671765459251	-0.587199455439791	0
-2.59288793558677	0.58850837779576	0
-1.7661897813131	-0.292445254934933	0
-2.16977892634013	-0.266807482249593	0
-0.886099516692567	-0.404068795104717	0
-0.88624527933695	0.745433845518303	0
0.390690887749745	-0.739353238398635	0
-2.45933094481917	-0.179739444512051	0
-0.404305597916272	-0.102566510062539	0
-2.14328717975115	-0.238358798094037	0
-0.099741805973122	0.220638539706736	0
-0.397583914273204	0.00416425232968286	0
-0.301438590398234	-0.550366373893303	0
-0.194350036353455	0.0550309326768173	0
-0.512631700148408	-0.151463071924876	0
-0.742299218155122	-1.06263243647816	0
-0.659612246859779	-0.378947916572908	0
-1.18286498616045	0.828979524978022	0
-1.00291159417728	-0.541466291330296	0
-1.5224784358033	0.702763107688537	0
-0.630844623111695	-0.318259767520662	0
0.0470195559238111	-0.376647560227209	0
-1.13651918598233	-0.658996808105236	0
-1.08818065236591	0.795657364395117	0
-1.51478441901524	-0.0129223289284753	0
-0.418751105487177	-0.223946837570077	0
-0.247037419854112	-1.29159446865045	0
-1.55275903831119	0.399091356236516	0
0.164410158494758	0.591662570691816	0
-1.36753582319214	0.274403396799225	0
0.0498979703270894	-0.219775709944898	0
-1.21551702092193	0.0534520748398819	0
-0.20464990453838	1.05575568779506	0
-0.204895073404884	-0.594977242396899	0
-0.365056876439705	-1.01010809774212	0
-0.85092228594489	0.565012105655136	0
-1.39276783824424	-0.252887693834947	0
-1.49203861142788	-0.152670478285577	0
-1.6116595409278	-0.420873196627198	0
-0.180374116984691	-0.0774536643128701	0
-1.91573376847129	0.333793634251238	0
0.136170642158111	0.578234650560165	0
0.512488354125105	-0.364453604674437	0
-0.540694839198791	0.39516074310686	0
-1.55915164429066	-0.276171090633634	0
-0.246323047871912	-0.423315840833307	0
-2.03676254278709	-0.183935239628597	0
-0.758308215130326	-0.481267346632568	0
-0.517665105571216	0.0865913505927904	0
-1.74119123931553	0.32278551348713	0
-1.24954300779941	-0.0665143931514143	0
-1.05696592710097	0.201051296045855	0
-1.52754034617708	0.0454244923909537	0
0.219622372100038	-0.174525036763087	0
-1.31841121822574	-0.0183386027900041	0
-0.232574250894206	-0.674846273673104	0
-0.598658811959627	0.363630369563425	0
-1.72659858536196	0.651325374063764	0
-0.879616968596377	0.202987879175916	0
0.154888436735082	-0.0454485407485691	0
-0.868099312792456	-0.0419193634356992	0
-1.02580268929999	1.3034170453391	0
-1.03301010850956	0.858242520680424	0
-0.988418307708935	-0.194346247757719	0
-0.776812453164885	-0.034657533386177	0
-0.71891883903797	0.113547535180375	0
-1.186519630675	-0.36389086444896	0
-0.744352209840149	0.536227709639581	0
-1.85593974991559	-0.513919217823439	0
-2.26037569438581	-0.219214560401861	0
-3.4676434868714	-0.157112977186275	0
-1.69064809405278	0.00502385325662466	0
-1.96057950104747	0.275613198968991	0
-0.200715237083291	-0.13885893525076	0
-1.26280928690252	-0.403256295878004	0
-1.12690383855434	-0.0333376188386926	0
-2.05509158839284	0.625840579165476	0
0.253374606232061	0.369383603220393	0
-0.495630711074975	0.249189580111485	0
-0.368728846822168	-0.429582517644948	0
-2.28728747884602	-0.87433800920226	0
-1.165449746259	-0.109165802985936	0
-0.58982889908297	-0.468092199903836	0
-0.727416363645933	0.890667857638712	0
-0.511115655814361	0.597478637648244	0
-1.25588267852291	0.14450262681337	0
-0.359602605142426	-0.881114535662492	0
-0.989697911686273	0.463591845058143	0
-1.35335798696937	-0.296108271230774	0
-0.771704560450914	1.3826815154726	0
-0.391976334026319	-0.512288632065009	0
-1.10940554126178	0.0994406799766734	0
0.729052581720658	0.884836401081968	0
-0.628811012873177	0.521393408096077	0
-0.480686869531287	-0.065403883458919	0
-0.383516363760605	-0.888416148301969	0
-1.70063594291867	-0.673322001116872	0
-2.53355832905035	-0.210065855266664	0
-1.62202463791833	0.846321654168779	0
-1.39844353120313	0.384527436866878	0
-0.645931347438984	-0.676822028296522	0
-1.51040627231234	-1.06874656697346	0
-1.9824190473867	-0.486322888805057	0
-1.01537191025446	-0.00709221364903112	0
-0.436496970588004	1.08064541168857	0
-1.39282607578988	-0.392898771570298	0
-1.23721903036465	-0.335926080516723	0
-0.663662042575549	-0.468432143236444	0
-1.3684859732033	-1.131039622541	0
-1.53586479824212	-1.23149384006604	0
-1.71738552965941	0.0444336570373006	0
-1.31952852658322	0.552489281593351	0
-1.58841450271725	-0.477973926281008	0
-0.771341052216769	0.460205875755107	0
-0.937363886734026	1.14354573818139	0
-1.07012728496307	-0.109379901351478	0
-1.44882556562225	0.376914892070296	0
-1.03189751925489	-0.171771442403817	0
-0.301928568200167	-0.456605399625221	0
-0.555917603020932	0.411861392801597	0
-1.95299546989044	-0.11529177625497	0
-1.39286907332743	-0.464457957902799	0
-1.47483065938994	0.787620456052493	0
-1.42929963115274	0.289667448265046	0
-2.45713750863841	-0.0750569025108068	0
-0.769747411061183	-0.855266116814473	0
-1.68558494645461	-0.28149162450922	0
-0.673440591039196	-0.0546596056161434	0
-0.418228313316761	-0.312167839382337	0
-1.30714575955469	-0.935559850506985	0
-1.5970750011337	-0.00752825062136378	0
-2.68647609061493	0.256335754317623	0
-0.800032267315247	-0.338715661748399	0
-1.27819011822317	0.0811761866997217	0
-1.75854241161707	-0.478867385798184	0
-0.455417631331786	-0.505108871440998	0
-1.29660293752211	-0.335405858429638	0
-0.900027094680381	-0.734342771405311	0
-1.71778389498623	-0.113954779517267	0
-0.733440470472882	-0.860307548522907	0
-1.84604225289262	-0.164038643821841	0
-0.368870995724357	-0.578749901894443	0
-0.567548820650952	0.0146878520363519	0
-2.22148440504159	0.568044540964145	0
-1.78662751860504	0.806971593507674	0
-0.868899313425635	0.0147024941080341	0
-1.19698799998085	0.590680370227745	0
-0.40130902358952	0.0322990120685099	0
-2.32390731143343	0.157598975591262	0
-0.385425270971822	0.387093986058983	0
-1.2397316126701	0.0233734379370202	0
-2.27974959376869	-0.296121059549187	0
-1.49956804694025	0.810731757704651	0
-0.363599083449464	-0.219897135148595	0
-1.17207302590411	-0.518983193289928	0
0.456712721754358	0.265917673264076	0
0.442083493315476	-0.232808432840593	0
-0.27582834299859	0.852387444346183	0
-1.51431482860157	0.225800221285498	0
-3.12725028071092	-0.460407550033264	0
-0.914048780217227	-0.0663382335406132	0
-0.724819440644158	0.675946497933172	0
0.905229008483119	0.0109197781815243	0
-1.38931184556227	0.0241368081608682	0
-1.27074231266529	0.490050194517221	0
-1.51087492614524	0.280125283646864	0
-0.564091031964395	0.250405328537557	0
-1.87352229944376	0.346878465180186	0
0.274497165209224	-0.26490504974117	0
-1.2401108697225	0.514469175480009	0
-2.15800792578363	0.139985446552181	0
-0.365078710017099	-0.675839342789936	0
-1.30799604620896	0.396891265890849	0
-2.31125233369336	-0.369227384631367	0
-2.18524019847125	-0.842454342125667	0
-1.7362019482704	0.056868663875735	0
0.186831010620888	-0.480643428059876	0
-1.08378757175638	0.736117539388377	0
-1.45080281883559	-0.818348801129604	0
-0.538386248329674	-0.35519558416166	0
-0.695167177393409	0.0935517862933743	0
-0.842143551840165	0.0281490025856951	0
-0.296903533234365	0.681910960891652	0
-0.715316955987152	0.722500295835593	0
0.0372972810018959	0.547461681279367	0
-1.1441885685425	0.624378424878712	0
-0.608229848230109	0.417694367823113	0
-0.665458899051289	0.390752249721358	0
-0.147063167118097	-0.379110079034783	0
0.106432747740739	-0.753300074019485	0
-0.777694049711968	0.0293946193110111	0
-0.702707631629676	-1.70817331411227	0
-1.40106469676448	0.490021631669798	0
-2.41356828053794	-0.730861175039163	0
-1.31805052510774	0.411096342895992	0
-2.36356299897417	0.818511805716514	0
-2.01274454430115	-0.418700986896372	0
-0.509024294119344	-0.189614014099415	0
-1.60998137204938	0.643294423277885	0
-1.06428858907298	-0.211343216848474	0
0.3389663150943	0.161316138413044	0
-0.312809625696717	0.760010307418753	0
-0.748167180224074	0.568665497179553	0
1.11703496565528	0.035993304319519	0
-0.367725254505071	-0.683119698649635	0
-0.72682660756747	0.325482863139218	0
-0.926943114261518	0.247329007843866	0
-0.762608866980205	0.403413116252543	0
-0.57901639480793	0.283069059481364	0
0.245595350954563	-0.618802468415028	0
-0.749881318558903	0.773881874971387	0
-0.390489372999601	0.829646461697676	0
0.317615859847871	-0.409265547148963	0
-3.05116466295164	0.730364746128395	0
-2.38437042313205	-0.0145063193012744	0
-0.655264931020618	-0.326521019684332	0
-0.202448273128766	0.341767702890859	0
-0.282061998443923	0.196197536631052	0
0.0150269723530856	0.634925051580362	0
-1.63111124422064	0.150443474507196	0
-1.56183886287452	-1.15462534006559	0
